No,Nama,Menu,Jumlah,Waktu Pengiriman,Harga
